# Created by Octave 3.6.2, Tue Jan 08 11:53:01 2013 CET <tailblues@dhcp663-096.laptop-wlc.uni-heidelberg.de>
# name: X
# type: matrix
# rows: 10
# columns: 2
 0.1 0.05
 0.1 0.1
 0.1 0.05
 0.1 0.01
 0.1 0.005
 0.1 0.005
 0.1 0.001
 0.1 0.01
 0.1 0.1
 0.1 0.01


# name: i
# type: scalar
10


